joint_names: ["arm_1_joint","arm_2_joint","arm_3_joint","arm_4_joint","arm_5_joint","arm_6_joint","arm_7_joint"]

# back side positions	
home: [[0,0,0,0,0,0,0]]
folded: [[-1.1572567240035734, -1.9104664691761568, -2.5334780195730255, -1.7853311980377056, -0.072798739390243047, 0.91767934923272776, -1.8876618005378798]]
folded1: [[-0.70630568265914917, -1.2690761089324951, 1.5173953771591187, 1.546687126159668, 0.34794849157333374, 1.5597325563430786, -2.1234652996063232]]
folded2: [[-2.07175612449646, -0.6760793924331665, 1.0708131790161133, 1.988277792930603, 1.2758281230926514, 1.5746152400970459, -2.0662779808044434]]
pregrasp: [[0,0,0,1.69,0,0,0]]
pregrasp1: [[0.032063409686088562, -0.024741096422076225, 1.5173853635787964, 1.5467021465301514, 0.019868297502398491, 0.030841108411550522, -4.1532168388366699]]

grasp: [[-0.94338446021682099, -1.987128639793466, -1.6757425957025061, -1.2319960038941786, 0.92698961598913809, 0.7957495543301375, -2.2609604309432707]]
pre_look_at_table: [[-1.4117332144741783, -1.0933802021501384, -2.8143842535448362, -2.0943951023931953, 0.32534573315130511, 1.5282712545442345, 1.7578776443176236]]
look_at_table: [[-1.90413007129692, -0.53676863707511047, -2.9670597283903604, -1.2371477849958294, 0.078324145463379971, 1.1674038268438356, 1.7663080901665025]]

#front side positions
overtray: [[2.9670597283903604, -1.0850245914937158, -2.8517849530558705, -1.490963271231841, 0.69903542231877758, 1.0647794507576016, -1.9565543563358203]]
tray: [[2.8545925371816212, -1.1411602564796222, -2.879793265790644, -1.4768269321056455, 0.55049237134044171, 1.0657754724693511, -2.029771517204098]]
intermediateback: [[-0.92723326226047276, -1.0878091156907497, -1.7511329390916868, -2.0350967789643617, 0.75547017562671237, 1.55547223138452, -2.6139619402066767]]
intermediatebacklow: [[0.34600003337848573, -1.6400000103328185, -1.8149999713886731, -1.6349999713897863, -2.9670597283903604, -0.95000002861023169, 1.9699999904632339]]
intermediatefront: [[2.567286997401903, -0.76650447903842134, -2.879793265790644, -1.3169067774275871, 0.59769801545593759, 1.3751587638740583, -1.9299075952888678]]
wavein: [[1.5, 0.5, 0.0, -0.5, 0.0, 0.5, 0.0]]
waveout: [[1.5, 0.5, 0.0, 0.5, 0.0, -0.5, 0.0]]

# trajectories
folded-to-look_at_table: [pre_look_at_table,look_at_table]
look_at_table-to-folded: [pre_look_at_table,folded]
grasp-to-tray: [pregrasp, intermediateback, intermediatefront, overtray]
tray-to-folded: [intermediatefront, intermediateback, folded]
wave: [waveout, wavein, waveout, wavein]



